61400167427
61428970350
61466965104
61403433956
61434106861
61422264405
61427150464
61432617433
61412345770
61402087036
61470483570
61452320147
6.14704E+21
61490036541
61449691851
61469588958
61480174473
61406125362
61469763416
61422181162
61426457617
61422264405
61424024751
61405374253
61401257416
61422141894
61406220169
61402763097
61469379139
61406147684
61404491087
61429992447
61452517348
61470206998
61423620204
61434877384
61430211619
61492447511
61435950010
61469028173
61451152161
61469809253
61414823996
61470390513
61469315158
61470107858
61402601982
61415070004
61450645565
61451489070
61423536835
61410277793
61431755619
61411787651
61450245021
61452177441
61450399854
61455460752
61432251410
61468444534
61420485641
61470364014
61468345175
61490826503
9.19495E+11
61470416240
61480160739
6.14339E+21
61413838026
61412385996
61469759703
61468845849
61478887315
61469810209
61478638890
61415143819
61469308918
61413320960
61452233403
61466616990
61431400225
61470232148
61466786032
61489143410
61421153212
61423947400
61402923216
61493128568
61470237086
61434143405
61422202684
61450222348
61402043744
61435950295
61439958494
61421898233
61412559722
61412826527
